-2.835947453425266,
1425.3726249004185,
-1076.4380529734262,
-2403.4133630507154,
615.4468809656628,
1154.0020098329155,
100.10382477407936,
1.1220310696989626,
-1.9970053567707202,
0.003973945312879645,
0.5592780751083626,
-0.43969833837539496,
0.08739646728697958,
2.0955992428913013,
0.5007989969011808,
0.2876742361528987,
-1355.2508802848442,
1180.9940619727652,
2117.3135034596685,
-643.2106943063053,
-932.4484106555857,
-81.6086440098861,
-0.25121671378452387,
0.5566642493246309,
-0.023985193053489614,
-0.07393720083348279,
0.03800078408820936,
0.007958417836062989,
-0.2694495642470187,
-0.06763360492872014,
-0.016497984022056333,
760.9813755924562,
-749.9428360903278,
-1097.0911619064047,
389.58330473550416,
442.99983891376485,
38.33304329515888,
0.026905583994424456,
-0.07754678124522664,
0.003873788398718048,
0.005023523614168448,
-0.0011809667686511183,
-0.0021791917443736326,
0.019711354259672274,
0.00453947185529249,
0.0005960117923696806,
-279.69589886971215,
306.749256402985,
371.2427425437406,
-152.01470819288127,
-137.5673732500027,
-11.584701024427423,
-0.0015915845723557564,
0.006298952151636575,
-0.00027038077440197714,
-0.00020013506641135276,
-0.000005996128344876046,
0.0001655595854902867,
-0.000898821668728908,
-0.00017566123860976535,
-0.000014276969872546697,
70.55688228842197,
-85.02491068952459,
-86.1179736518202,
40.16542900291069,
29.323956307690025,
2.377699467030776,
0.00005693250622216363,
-0.00032605304477924024,
0.000010500408236402458,
0.000005020924591779984,
0.0000013816078374754732,
-0.000006543461956167047,
0.000026797982752281847,
0.000004201910132664798,
0.00000023205591837360105,
-12.457835200181718,
16.329239098733474,
13.975566606898674,
-7.343546775819646,
-4.378608101773657,
-0.3398874379390397,
-0.0000012948813617711059,
0.000011270947615691037,
-0.00000024955008027390894,
-0.00000008242966297439499,
-0.00000004067014370965577,
0.0000001551191051417071,
-0.0000005352224629911784,
-0.00000006383224982753097,
-0.0000000025668960351170114,
1.5394918200142163,
-2.177290354379402,
-1.5873493523389424,
0.9306219103332855,
0.45805249348179033,
0.03398267222584877,
0.00000001912546177888389,
-0.0000002643495036008504,
0.000000003774606748381697,
0.0000000008969943476389121,
0.0000000006061430616191395,
-0.0000000023247455649438442,
0.000000007201993350669015,
0.0000000006106033783686315,
0.000000000018987118896339362,
-0.13053275428438083,
0.19791107024503618,
0.1237426263600917,
-0.08024964562449709,
-0.032907213547378196,
-0.002336064029767856,
-0.0000000001825705030039383,
0.000000004158646234390007,
-0.0000000000364839583081687,
-0.000000000006390122367074062,
-0.000000000005187800268039466,
0.000000000022230210408232992,
-0.00000000006436528889331149,
-0.0000000000034742300253807263,
-0.00000000000008962522542018425,
0.007236636705203318,
-0.011701485437294209,
-0.006310672584955731,
0.004492438215793793,
0.0015467746276635515,
0.00010534769641051661,
0.0000000000010854381590727684,
-0.00000000004198705777948783,
0.00000000000021818306607050677,
0.000000000000028472406363980586,
0.000000000000025298632214741226,
-0.00000000000013163172600788242,
0.0000000000003658829473148498,
0.000000000000009843174746095741,
0.00000000000000024323761556237245,
-0.0002362610420107226,
0.000405715144124484,
0.00018965910866139705,
-0.00014718192353680327,
-0.000042831076984977045,
-0.0000028072270768373263,
-0.000000000000003651038618819105,
0.00000000000024552773811745476,
-0.0000000000000007353049738135216,
-0.00000000000000007128784905827177,
-0.00000000000000006314224937672885,
0.0000000000000004400977443697966,
-0.0000000000000011965059683785336,
-0.000000000000000004063077597649593,
-0.0000000000000000002874600061663856,
0.000003444008244894929,
-0.000006259341637715616,
-0.000002547075128279891,
0.00000214120005268198,
0.0000005295877167513248,
0.000000033491793464276,
0.0000000000000000053035546299318136,
-0.0000000000000006312570057182929,
0.0000000000000000010676127399006897,
0.00000000000000000007534155834188508,
0.00000000000000000005766418708837508,
-0.000000000000000000635476945249935,
0.000000000000000001712703916329592,
-0.000000000000000000028755539329611673,
30.263250771853855